s =

   0.980494887485226


R =

   0.845440564656414  -0.015437394303419   0.533846362252815
   0.013532850707645   0.999880432417369   0.007482166837219
  -0.533898036693494   0.000898735765475   0.845548389324263


T =

  -0.050308365120020
   0.001342998851718
  -0.010955714682630


e =

   0.151952876781235


it =

    34